function result=graphite_n(x)
% M. R. Querry. Optical constants, Contractor Report CRDC-CR-85034 (1985)
x=10^6*x;
data=[0.2100	0.860
0.2200	0.905
0.2300	0.973
0.2400	1.067
0.2500	1.198
0.2600	1.336
0.2700	1.431
0.2800	1.485
0.2900	1.516
0.3000	1.535
0.3100	1.547
0.3200	1.554
0.3300	1.562
0.3400	1.570
0.3500	1.569
0.3600	1.569
0.3700	1.570
0.3800	1.574
0.3900	1.579
0.4000	1.585
0.4100	1.590
0.4200	1.593
0.4300	1.596
0.4400	1.599
0.4500	1.602
0.4600	1.606
0.4700	1.611
0.4800	1.616
0.4900	1.622
0.5000	1.629
0.5100	1.634
0.5200	1.638
0.5300	1.643
0.5400	1.647
0.5500	1.652
0.5600	1.656
0.5700	1.659
0.5800	1.664
0.5900	1.669
0.6000	1.673
0.6100	1.677
0.6200	1.681
0.6300	1.685
0.6400	1.689
0.6500	1.693
0.6600	1.696
0.6700	1.699
0.6800	1.704
0.6900	1.709
0.7000	1.714
0.7100	1.719
0.7200	1.724
0.7300	1.729
0.7400	1.734
0.7500	1.739
0.7600	1.744
0.7700	1.750
0.7800	1.755
0.7900	1.761
0.8000	1.768
0.8100	1.773
0.8200	1.776
0.8300	1.781
0.8400	1.785
0.8500	1.789
0.8600	1.793
0.8700	1.796
0.8800	1.801
0.8900	1.806
0.9000	1.809
0.9117	1.813
0.9200	1.817
0.9300	1.821
0.9400	1.826
0.9500	1.831
0.9600	1.836
0.9700	1.841
0.9800	1.846
0.9900	1.851
1.0000	1.857
1.0100	1.862
1.0200	1.867
1.0300	1.872
1.0400	1.877
1.0500	1.882
1.0600	1.888
1.0700	1.893
1.0800	1.899
1.0900	1.905
1.1000	1.910
1.1100	1.915
1.1200	1.920
1.1300	1.925
1.1400	1.932
1.1500	1.938
1.1600	1.944
1.1700	1.950
1.1800	1.957
1.1900	1.962
1.2000	1.970
1.2100	1.977
1.2200	1.982
1.2300	1.989
1.2400	1.995
1.2500	2.001
1.2600	2.008
1.2700	2.015
1.2800	2.021
1.2900	2.026
1.3000	2.033
1.3100	2.040
1.3200	2.046
1.3300	2.053
1.3400	2.060
1.3500	2.067
1.3600	2.073
1.3700	2.079
1.3800	2.086
1.3900	2.093
1.4000	2.099
1.4100	2.105
1.4200	2.112
1.4300	2.117
1.4400	2.124
1.4500	2.131
1.4600	2.137
1.4700	2.143
1.4800	2.149
1.4900	2.155
1.5000	2.162
1.5100	2.170
1.5205	2.177
1.5300	2.183
1.5400	2.189
1.5500	2.195
1.5600	2.203
1.5700	2.209
1.5800	2.216
1.5900	2.221
1.6000	2.228
1.6100	2.235
1.6200	2.241
1.6300	2.248
1.6400	2.253
1.6500	2.260
1.6600	2.266
1.6700	2.273
1.6800	2.279
1.6900	2.286
1.7000	2.293
1.7100	2.299
1.7200	2.305
1.7300	2.311
1.7400	2.318
1.7500	2.325
1.7662	2.331
1.7700	2.338
1.7800	2.345
1.7900	2.352
1.8000	2.360
1.8100	2.366
1.8200	2.371
1.8300	2.377
1.8400	2.385
1.8500	2.392
1.8600	2.398
1.8700	2.402
1.8800	2.407
1.8900	2.413
1.9000	2.419
1.9100	2.424
1.9200	2.430
1.9300	2.435
1.9400	2.441
1.9500	2.447
1.9600	2.453
1.9700	2.459
1.9800	2.464
1.9900	2.470
2.0000	2.477
2.0100	2.482
2.0200	2.486
2.0300	2.492
2.0400	2.497
2.0500	2.502
2.0600	2.508
2.0700	2.513
2.0800	2.518
2.0900	2.523
2.1000	2.526
2.1100	2.533
2.1200	2.537
2.1300	2.542
2.1400	2.547
2.1500	2.551
2.1600	2.556
2.1700	2.560
2.1800	2.564
2.1900	2.568
2.2000	2.572
2.2100	2.576
2.2200	2.581
2.2300	2.585
2.2400	2.589
2.2500	2.594
2.2600	2.598
2.2700	2.601
2.2800	2.605
2.2900	2.609
2.3000	2.613
2.3100	2.617
2.3200	2.621
2.3300	2.625
2.3400	2.629
2.3500	2.633
2.3600	2.637
2.3700	2.641
2.3800	2.645
2.3900	2.650
2.4000	2.654
2.4100	2.658
2.4200	2.662
2.4300	2.666
2.4400	2.670
2.4500	2.674
2.4600	2.677
2.4700	2.681
2.4800	2.685
2.4900	2.688
2.5000	2.691
2.5063	2.696
2.5126	2.699
2.5189	2.699
2.5253	2.705
2.5316	2.707
2.5381	2.709
2.5445	2.709
2.5510	2.714
2.5575	2.718
2.5641	2.719
2.5707	2.722
2.5773	2.725
2.5840	2.727
2.5907	2.730
2.5974	2.732
2.6042	2.738
2.6110	2.736
2.6178	2.741
2.6247	2.741
2.6316	2.746
2.6385	2.749
2.6455	2.753
2.6525	2.757
2.6596	2.758
2.6667	2.760
2.6738	2.766
2.6810	2.766
2.6882	2.771
2.6954	2.775
2.7027	2.778
2.7100	2.779
2.7174	2.784
2.7248	2.791
2.7322	2.791
2.7397	2.796
2.7473	2.797
2.7548	2.800
2.7624	2.803
2.7701	2.807
2.7778	2.812
2.7855	2.817
2.7933	2.816
2.8011	2.823
2.8090	2.827
2.8169	2.827
2.8249	2.830
2.8329	2.837
2.8409	2.841
2.8490	2.844
2.8571	2.850
2.8653	2.853
2.8736	2.857
2.8818	2.859
2.8902	2.860
2.8986	2.865
2.9070	2.869
2.9155	2.877
2.9240	2.881
2.9326	2.886
2.9412	2.885
2.9499	2.890
2.9586	2.895
2.9674	2.902
2.9762	2.904
2.9851	2.910
2.9940	2.916
3.0030	2.917
3.0120	2.922
3.0211	2.929
3.0303	2.930
3.0395	2.939
3.0488	2.942
3.0581	2.945
3.0675	2.949
3.0769	2.953
3.0864	2.959
3.0960	2.962
3.1056	2.968
3.1153	2.973
3.1250	2.976
3.1348	2.983
3.1447	2.989
3.1546	2.993
3.1646	2.996
3.1746	3.003
3.1847	3.006
3.1949	3.011
3.2051	3.018
3.2154	3.019
3.2258	3.023
3.2362	3.030
3.2468	3.039
3.2573	3.041
3.2680	3.046
3.2787	3.048
3.2895	3.053
3.3003	3.061
3.3113	3.065
3.3223	3.070
3.3333	3.075
3.3445	3.078
3.3557	3.083
3.3670	3.087
3.3784	3.092
3.3898	3.100
3.4014	3.104
3.4130	3.104
3.4247	3.111
3.4364	3.117
3.4483	3.121
3.4602	3.125
3.4722	3.130
3.4843	3.135
3.4965	3.139
3.5088	3.142
3.5211	3.146
3.5336	3.157
3.5461	3.161
3.5587	3.166
3.5714	3.172
3.5842	3.178
3.5971	3.184
3.6101	3.187
3.6232	3.192
3.6364	3.200
3.6496	3.203
3.6630	3.210
3.6765	3.215
3.6900	3.220
3.7037	3.223
3.7175	3.227
3.7313	3.236
3.7453	3.240
3.7594	3.242
3.7736	3.250
3.7879	3.258
3.8023	3.263
3.8168	3.268
3.8314	3.273
3.8462	3.281
3.8610	3.287
3.8760	3.290
3.8911	3.294
3.9063	3.299
3.9216	3.307
3.9370	3.312
3.9526	3.319
3.9683	3.327
3.9841	3.332
4.0000	3.337
4.0161	3.341
4.0323	3.350
4.0486	3.355
4.0650	3.359
4.0816	3.370
4.0984	3.374
4.1152	3.378
4.1322	3.382
4.1494	3.385
4.1667	3.392
4.1841	3.393
4.2017	3.391
4.2194	3.403
4.2373	3.429
4.2553	3.439
4.2735	3.447
4.2918	3.467
4.3103	3.477
4.3290	3.484
4.3478	3.486
4.3668	3.489
4.3860	3.491
4.4053	3.496
4.4248	3.504
4.4444	3.511
4.4643	3.517
4.4843	3.525
4.5045	3.528
4.5249	3.536
4.5455	3.544
4.5662	3.550
4.5872	3.557
4.6083	3.564
4.6296	3.571
4.6512	3.581
4.6729	3.582
4.6948	3.596
4.7170	3.606
4.7393	3.610
4.7619	3.617
4.7847	3.626
4.8077	3.637
4.8309	3.647
4.8544	3.650
4.8780	3.659
4.9020	3.665
4.9261	3.676
4.9505	3.683
4.9751	3.687
5.0000	3.681
5.0251	3.700
5.0505	3.720
5.0761	3.733
5.1020	3.746
5.1282	3.756
5.1546	3.766
5.1813	3.778
5.2083	3.789
5.2356	3.800
5.2632	3.809
5.2910	3.820
5.3191	3.829
5.3476	3.841
5.3763	3.852
5.4054	3.861
5.4348	3.870
5.4645	3.880
5.4945	3.891
5.5249	3.901
5.5556	3.910
5.5866	3.921
5.6180	3.929
5.6497	3.938
5.6818	3.945
5.7143	3.954
5.7471	3.967
5.7803	3.976
5.8140	3.986
5.8480	3.994
5.8824	4.002
5.9172	4.013
5.9524	4.026
5.9880	4.030
6.0241	4.040
6.0606	4.046
6.0976	4.059
6.1350	4.065
6.1728	4.073
6.2112	4.074
6.2500	4.067
6.2893	4.083
6.3291	4.120
6.3694	4.141
6.4103	4.148
6.4516	4.159
6.4935	4.163
6.5359	4.177
6.5789	4.187
6.6225	4.197
6.6667	4.205
6.7114	4.216
6.7568	4.228
6.8027	4.237
6.8493	4.247
6.8966	4.258
6.9444	4.268
6.9930	4.277
7.0423	4.288
7.0922	4.301
7.1429	4.309
7.1942	4.323
7.2464	4.332
7.2993	4.342
7.3529	4.352
7.4074	4.366
7.4627	4.372
7.5188	4.378
7.5758	4.388
7.6336	4.398
7.6923	4.409
7.7519	4.417
7.8125	4.430
7.8740	4.433
7.9365	4.441
8.0000	4.456
8.0645	4.466
8.1301	4.481
8.1967	4.494
8.2645	4.507
8.3333	4.519
8.4034	4.534
8.4746	4.549
8.5470	4.562
8.6207	4.572
8.6957	4.582
8.7719	4.600
8.8496	4.614
8.9286	4.621
9.0090	4.631
9.0909	4.643
9.1743	4.665
9.2593	4.681
9.3458	4.691
9.4340	4.706
9.5238	4.721
9.6154	4.741
9.7087	4.753
9.8039	4.765
9.9010	4.784
10.0000	4.791
10.1010	4.806
10.2041	4.822
10.3093	4.839
10.4167	4.856
10.5263	4.874
10.6383	4.891
10.7527	4.907
10.8696	4.920
10.9890	4.935
11.1111	4.947
11.2360	4.959
11.3636	4.968
11.4943	4.977
11.6279	5.018
11.7647	5.032
11.9048	5.045
12.0482	5.061
12.1951	5.075
12.3457	5.098
12.5000	5.124
12.6582	5.144
12.8205	5.160
12.9870	5.186
13.1579	5.207
13.3333	5.222
13.5135	5.240
13.6986	5.259
13.8889	5.276
14.0845	5.296
14.2857	5.313
