function result=graphite_k(x)
% M. R. Querry. Optical constants, Contractor Report CRDC-CR-85034 (1985)
x=10^6*x;
data=[0.2100	0.689
0.2200	0.784
0.2300	0.880
0.2400	0.969
0.2500	1.026
0.2600	1.019
0.2700	0.969
0.2800	0.916
0.2900	0.873
0.3000	0.840
0.3100	0.813
0.3200	0.796
0.3300	0.785
0.3400	0.771
0.3500	0.760
0.3600	0.758
0.3700	0.759
0.3800	0.762
0.3900	0.766
0.4000	0.768
0.4100	0.769
0.4200	0.772
0.4300	0.776
0.4400	0.781
0.4500	0.788
0.4600	0.795
0.4700	0.802
0.4800	0.810
0.4900	0.817
0.5000	0.822
0.5100	0.828
0.5200	0.834
0.5300	0.840
0.5400	0.846
0.5500	0.853
0.5600	0.860
0.5700	0.867
0.5800	0.875
0.5900	0.882
0.6000	0.889
0.6100	0.897
0.6200	0.904
0.6300	0.912
0.6400	0.920
0.6500	0.927
0.6600	0.935
0.6700	0.945
0.6800	0.954
0.6900	0.963
0.7000	0.972
0.7100	0.980
0.7200	0.989
0.7300	0.997
0.7400	1.006
0.7500	1.014
0.7600	1.023
0.7700	1.032
0.7800	1.040
0.7900	1.048
0.8000	1.055
0.8100	1.060
0.8200	1.068
0.8300	1.076
0.8400	1.083
0.8500	1.091
0.8600	1.098
0.8700	1.107
0.8800	1.116
0.8900	1.124
0.9000	1.131
0.9117	1.140
0.9200	1.150
0.9300	1.159
0.9400	1.168
0.9500	1.177
0.9600	1.186
0.9700	1.195
0.9800	1.204
0.9900	1.212
1.0000	1.221
1.0100	1.229
1.0200	1.238
1.0300	1.246
1.0400	1.255
1.0500	1.263
1.0600	1.272
1.0700	1.281
1.0800	1.290
1.0900	1.298
1.1000	1.306
1.1100	1.314
1.1200	1.323
1.1300	1.333
1.1400	1.342
1.1500	1.350
1.1600	1.358
1.1700	1.367
1.1800	1.375
1.1900	1.383
1.2000	1.392
1.2100	1.398
1.2200	1.406
1.2300	1.415
1.2400	1.422
1.2500	1.430
1.2600	1.437
1.2700	1.445
1.2800	1.452
1.2900	1.460
1.3000	1.467
1.3100	1.475
1.3200	1.483
1.3300	1.490
1.3400	1.497
1.3500	1.503
1.3600	1.510
1.3700	1.517
1.3800	1.524
1.3900	1.531
1.4000	1.537
1.4100	1.544
1.4200	1.550
1.4300	1.557
1.4400	1.564
1.4500	1.570
1.4600	1.576
1.4700	1.583
1.4800	1.590
1.4900	1.596
1.5000	1.604
1.5100	1.610
1.5205	1.616
1.5300	1.621
1.5400	1.627
1.5500	1.634
1.5600	1.640
1.5700	1.646
1.5800	1.650
1.5900	1.657
1.6000	1.663
1.6100	1.669
1.6200	1.674
1.6300	1.679
1.6400	1.685
1.6500	1.691
1.6600	1.697
1.6700	1.703
1.6800	1.708
1.6900	1.714
1.7000	1.719
1.7100	1.724
1.7200	1.729
1.7300	1.735
1.7400	1.741
1.7500	1.746
1.7662	1.751
1.7700	1.756
1.7800	1.761
1.7900	1.766
1.8000	1.770
1.8100	1.773
1.8200	1.777
1.8300	1.783
1.8400	1.787
1.8500	1.791
1.8600	1.793
1.8700	1.796
1.8800	1.801
1.8900	1.806
1.9000	1.810
1.9100	1.814
1.9200	1.818
1.9300	1.823
1.9400	1.827
1.9500	1.831
1.9600	1.835
1.9700	1.839
1.9800	1.843
1.9900	1.847
2.0000	1.851
2.0100	1.852
2.0200	1.857
2.0300	1.861
2.0400	1.865
2.0500	1.868
2.0600	1.872
2.0700	1.875
2.0800	1.879
2.0900	1.882
2.1000	1.886
2.1100	1.888
2.1200	1.892
2.1300	1.895
2.1400	1.898
2.1500	1.902
2.1600	1.906
2.1700	1.909
2.1800	1.912
2.1900	1.916
2.2000	1.920
2.2100	1.924
2.2200	1.928
2.2300	1.931
2.2400	1.935
2.2500	1.939
2.2600	1.942
2.2700	1.946
2.2800	1.950
2.2900	1.954
2.3000	1.958
2.3100	1.962
2.3200	1.966
2.3300	1.971
2.3400	1.975
2.3500	1.979
2.3600	1.983
2.3700	1.987
2.3800	1.992
2.3900	1.996
2.4000	1.999
2.4100	2.003
2.4200	2.007
2.4300	2.012
2.4400	2.015
2.4500	2.019
2.4600	2.023
2.4700	2.028
2.4800	2.032
2.4900	2.037
2.5000	2.043
2.5063	2.047
2.5126	2.045
2.5189	2.051
2.5253	2.053
2.5316	2.054
2.5381	2.057
2.5445	2.061
2.5510	2.066
2.5575	2.067
2.5641	2.069
2.5707	2.073
2.5773	2.074
2.5840	2.078
2.5907	2.081
2.5974	2.086
2.6042	2.086
2.6110	2.088
2.6178	2.093
2.6247	2.096
2.6316	2.100
2.6385	2.103
2.6455	2.107
2.6525	2.109
2.6596	2.111
2.6667	2.117
2.6738	2.118
2.6810	2.122
2.6882	2.126
2.6954	2.129
2.7027	2.131
2.7100	2.134
2.7174	2.142
2.7248	2.141
2.7322	2.145
2.7397	2.149
2.7473	2.150
2.7548	2.154
2.7624	2.158
2.7701	2.163
2.7778	2.166
2.7855	2.168
2.7933	2.171
2.8011	2.176
2.8090	2.176
2.8169	2.178
2.8249	2.186
2.8329	2.190
2.8409	2.193
2.8490	2.196
2.8571	2.200
2.8653	2.201
2.8736	2.205
2.8818	2.205
2.8902	2.211
2.8986	2.216
2.9070	2.222
2.9155	2.226
2.9240	2.226
2.9326	2.228
2.9412	2.231
2.9499	2.237
2.9586	2.242
2.9674	2.245
2.9762	2.248
2.9851	2.254
2.9940	2.253
3.0030	2.255
3.0120	2.263
3.0211	2.265
3.0303	2.269
3.0395	2.273
3.0488	2.273
3.0581	2.277
3.0675	2.280
3.0769	2.285
3.0864	2.287
3.0960	2.291
3.1056	2.296
3.1153	2.298
3.1250	2.301
3.1348	2.307
3.1447	2.308
3.1546	2.310
3.1646	2.313
3.1746	2.318
3.1847	2.320
3.1949	2.324
3.2051	2.325
3.2154	2.327
3.2258	2.334
3.2362	2.340
3.2468	2.339
3.2573	2.341
3.2680	2.345
3.2787	2.347
3.2895	2.353
3.3003	2.356
3.3113	2.357
3.3223	2.361
3.3333	2.361
3.3445	2.366
3.3557	2.370
3.3670	2.374
3.3784	2.377
3.3898	2.381
3.4014	2.380
3.4130	2.386
3.4247	2.390
3.4364	2.393
3.4483	2.396
3.4602	2.400
3.4722	2.404
3.4843	2.406
3.4965	2.410
3.5088	2.415
3.5211	2.422
3.5336	2.424
3.5461	2.427
3.5587	2.432
3.5714	2.435
3.5842	2.438
3.5971	2.441
3.6101	2.444
3.6232	2.450
3.6364	2.451
3.6496	2.455
3.6630	2.460
3.6765	2.462
3.6900	2.465
3.7037	2.468
3.7175	2.474
3.7313	2.478
3.7453	2.480
3.7594	2.486
3.7736	2.492
3.7879	2.494
3.8023	2.498
3.8168	2.502
3.8314	2.506
3.8462	2.511
3.8610	2.513
3.8760	2.515
3.8911	2.520
3.9063	2.527
3.9216	2.533
3.9370	2.536
3.9526	2.542
3.9683	2.544
3.9841	2.549
4.0000	2.551
4.0161	2.557
4.0323	2.561
4.0486	2.563
4.0650	2.571
4.0816	2.573
4.0984	2.576
4.1152	2.580
4.1322	2.587
4.1494	2.590
4.1667	2.595
4.1841	2.600
4.2017	2.614
4.2194	2.636
4.2373	2.645
4.2553	2.640
4.2735	2.649
4.2918	2.650
4.3103	2.643
4.3290	2.639
4.3478	2.639
4.3668	2.642
4.3860	2.647
4.4053	2.654
4.4248	2.659
4.4444	2.663
4.4643	2.669
4.4843	2.672
4.5045	2.676
4.5249	2.683
4.5455	2.686
4.5662	2.692
4.5872	2.699
4.6083	2.703
4.6296	2.712
4.6512	2.712
4.6729	2.719
4.6948	2.729
4.7170	2.730
4.7393	2.733
4.7619	2.742
4.7847	2.748
4.8077	2.755
4.8309	2.754
4.8544	2.758
4.8780	2.764
4.9020	2.770
4.9261	2.777
4.9505	2.781
4.9751	2.783
5.0000	2.798
5.0251	2.820
5.0505	2.823
5.0761	2.828
5.1020	2.830
5.1282	2.833
5.1546	2.838
5.1813	2.843
5.2083	2.846
5.2356	2.849
5.2632	2.853
5.2910	2.857
5.3191	2.861
5.3476	2.867
5.3763	2.868
5.4054	2.871
5.4348	2.875
5.4645	2.879
5.4945	2.884
5.5249	2.886
5.5556	2.891
5.5866	2.893
5.6180	2.895
5.6497	2.900
5.6818	2.903
5.7143	2.912
5.7471	2.915
5.7803	2.918
5.8140	2.922
5.8480	2.924
5.8824	2.929
5.9172	2.938
5.9524	2.937
5.9880	2.942
6.0241	2.946
6.0606	2.952
6.0976	2.957
6.1350	2.957
6.1728	2.965
6.2112	2.966
6.2500	2.982
6.2893	3.015
6.3291	3.026
6.3694	3.017
6.4103	3.013
6.4516	3.014
6.4935	3.020
6.5359	3.027
6.5789	3.030
6.6225	3.034
6.6667	3.040
6.7114	3.047
6.7568	3.051
6.8027	3.055
6.8493	3.062
6.8966	3.068
6.9444	3.074
6.9930	3.080
7.0423	3.088
7.0922	3.094
7.1429	3.100
7.1942	3.106
7.2464	3.109
7.2993	3.118
7.3529	3.123
7.4074	3.130
7.4627	3.131
7.5188	3.142
7.5758	3.149
7.6336	3.158
7.6923	3.165
7.7519	3.175
7.8125	3.185
7.8740	3.188
7.9365	3.207
8.0000	3.217
8.0645	3.230
8.1301	3.243
8.1967	3.252
8.2645	3.262
8.3333	3.272
8.4034	3.285
8.4746	3.296
8.5470	3.304
8.6207	3.310
8.6957	3.323
8.7719	3.339
8.8496	3.344
8.9286	3.354
9.0090	3.368
9.0909	3.368
9.1743	3.402
9.2593	3.409
9.3458	3.421
9.4340	3.434
9.5238	3.450
9.6154	3.464
9.7087	3.471
9.8039	3.488
9.9010	3.497
10.0000	3.513
10.1010	3.531
10.2041	3.546
10.3093	3.561
10.4167	3.580
10.5263	3.595
10.6383	3.608
10.7527	3.620
10.8696	3.636
10.9890	3.651
11.1111	3.666
11.2360	3.686
11.3636	3.702
11.4943	3.744
11.6279	3.767
11.7647	3.775
11.9048	3.797
12.0482	3.819
12.1951	3.846
12.3457	3.877
12.5000	3.900
12.6582	3.918
12.8205	3.943
12.9870	3.971
13.1579	3.991
13.3333	4.015
13.5135	4.044
13.6986	4.071
13.8889	4.103
14.0845	4.133
14.2857	4.165
